7
0 3.5 7 3.5 35 38.5 42 
3.5 0 3.5 7 31.5 35 38.5 
7 3.5 0 3.5 35 38.5 35 
3.5 7 3.5 0 38.5 42 38.5 
35 31.5 35 38.5 0 3.5 7 
38.5 35 38.5 42 3.5 0 3.5 
42 38.5 35 38.5 7 3.5 0 
