100
0 220.774 946.709 534.582 340.778 1088.39 665.511 840.404 70.0617 1195.34 503.275 149.23 734.78 577.498 1341.74 669.314 568.826 770.541 1365.97 467.422 473.724 501.168 702.628 1124.45 317.659 166.825 81.6235 246.192 839.119 1051.12 183.919 212.062 597.256 616.923 314.83 674.58 274.177 838.268 98.687 311.31 451.567 98.159 480.077 379.788 827.971 564.214 497.055 745.44 615.721 779.912 621.956 706.855 506.457 566.851 639.48 1234.46 1011.59 786.402 757.499 76.2003 1313.58 946.003 721.69 633.203 770.286 784.839 498.588 15.6968 519.016 950.428 662.494 448.84 162.199 484.648 230.409 1221.65 538.622 193.899 575.576 1050.49 727.288 454.585 73.6369 772.643 747.627 788.054 670.04 747.204 1188.62 1179.42 357.029 583.427 335.057 1253.71 286.281 76.8842 143.993 361.455 553.621 944.23 
220.774 0 725.935 712.747 120.003 867.618 843.676 1018.57 290.836 974.567 681.44 234.343 514.006 390.626 1120.97 847.479 348.052 549.767 1145.2 645.587 295.559 323.003 524.463 903.674 139.495 222.517 259.788 466.966 1017.28 830.343 404.693 432.836 647.61 411.709 492.995 496.415 379.47 617.494 276.852 133.145 273.402 194.397 259.303 199.868 607.197 386.049 717.829 524.666 793.886 559.137 401.182 885.02 727.231 542.822 461.315 1013.68 790.815 565.628 536.725 211.61 1092.8 725.229 899.854 558.024 567.01 564.065 320.423 215.919 301.677 729.654 484.329 228.066 241.679 662.813 408.573 1000.87 317.847 372.063 354.801 829.716 506.513 282.938 294.411 950.808 551.4 567.28 848.205 526.429 967.842 958.642 178.864 761.592 513.222 1032.93 487.611 297.659 364.767 539.62 332.846 723.455 
946.709 725.935 0 887.268 605.931 250.801 818.592 993.485 1016.77 248.632 832.999 797.479 211.929 415.71 395.032 822.396 377.883 365.131 419.264 1020.52 660.508 722.481 549.547 177.739 824.062 779.884 981.938 1192.9 992.201 526.865 1130.63 1158.77 622.527 386.626 841.767 560.248 672.532 121.172 995.816 665.992 947.723 920.332 466.632 566.921 151.875 632.459 1443.76 201.269 768.803 166.797 324.753 859.936 1453.17 517.739 839.53 287.747 125.331 372.711 412.515 870.509 366.867 653.645 874.771 532.94 541.927 356.241 650.741 941.854 427.693 280.944 810.955 497.869 784.51 637.73 828.796 274.94 408.088 982.219 371.133 103.781 219.421 492.125 1020.35 925.725 526.317 454.307 823.122 199.505 313.37 319.752 695.844 736.508 661.511 306.999 1213.55 1023.59 1090.7 746.523 393.088 655.722 
534.582 712.747 887.268 0 778.47 1028.95 385.003 340.053 577.139 1135.9 54.2693 478.404 675.339 1103.37 1282.3 245.001 875.557 1052.8 1306.53 133.251 1008.31 1035.75 1237.21 1065.01 852.242 490.23 452.959 669.309 328.535 991.676 401.206 653.107 537.815 557.482 219.753 1209.16 333.277 778.827 435.895 845.892 986.149 632.741 765.812 912.615 768.53 1098.8 560.536 685.999 317.708 720.471 805.105 530.273 565.898 507.409 1174.06 1175.02 952.148 1060.37 1100.18 501.137 1254.14 886.562 187.107 573.762 710.845 725.398 1033.17 550.279 1014.42 968.608 1197.08 809.753 471.068 296.049 304.174 1162.21 612.061 340.684 872.174 991.049 715.3 429.809 569.39 469.806 688.185 728.613 321.598 829.55 1129.18 1119.98 891.611 395.058 225.757 1194.27 326.278 550.667 417.682 173.127 494.18 884.789 
340.778 120.003 605.931 778.47 0 747.615 909.399 1084.29 410.839 854.564 747.163 300.066 394.002 324.903 1000.96 913.203 228.048 429.764 1025.2 711.31 229.836 257.279 458.74 783.67 218.131 288.24 376.007 586.97 1083.01 710.339 524.696 552.839 713.334 477.432 558.718 430.692 445.193 497.491 389.885 67.422 341.792 314.4 139.3 134.145 487.193 320.326 837.833 404.662 859.61 439.134 281.179 950.743 847.234 608.546 395.592 893.679 670.812 445.625 416.722 277.333 972.798 744.452 965.578 623.747 632.733 447.048 254.699 335.922 235.954 609.65 418.606 108.062 307.403 728.536 474.297 880.871 197.844 437.787 234.798 709.712 386.51 348.662 414.415 1016.53 617.123 545.114 913.928 406.426 847.839 838.639 113.141 827.315 578.945 912.93 607.615 417.662 484.77 605.343 356.852 746.529 
1088.39 867.618 250.801 1028.95 747.615 0 643.949 742.685 1158.45 106.949 974.682 939.163 353.613 666.511 253.348 783.95 519.567 615.932 277.581 1162.2 802.192 864.164 800.347 315.433 965.746 921.568 1123.62 1334.58 741.4 276.064 1272.31 1300.45 491.136 471.47 983.451 772.299 814.216 250.125 1137.5 807.676 1089.41 1062.02 608.315 708.604 260.422 774.142 1585.45 342.953 711.244 308.481 466.437 609.135 1594.85 521.542 981.214 267.469 376.132 623.512 663.316 1012.19 225.183 402.845 879.273 455.19 318.107 303.553 792.425 1083.54 577.562 531.745 952.639 639.553 926.194 732.902 970.48 231.407 549.771 1123.9 512.817 180.899 361.105 633.808 1162.03 674.924 340.766 300.339 707.353 392.688 100.224 91.0239 837.528 633.894 803.195 165.315 1355.23 1165.28 1232.39 888.207 534.772 404.921 
665.511 843.676 818.592 385.003 909.399 643.949 0 174.893 708.068 750.897 330.734 609.333 690.421 1234.3 897.297 140.002 1006.49 1183.72 921.529 518.254 1139.23 1166.68 1368.14 883.224 983.17 621.159 583.887 800.238 173.608 606.673 628.363 784.035 196.065 431.967 350.681 1340.09 464.206 697.42 566.824 976.821 1117.08 763.67 896.74 1043.54 666.718 1229.73 941.499 805.741 67.2954 735.043 936.033 145.27 950.901 300.853 1304.99 835.26 943.924 1191.3 1231.11 632.066 869.132 501.559 235.324 285.652 325.842 462.351 1164.1 681.208 1145.35 1099.54 1328.01 940.682 601.996 180.862 435.102 799.199 742.989 479.954 1003.1 748.691 846.229 560.737 700.318 107.132 303.182 364.285 63.4046 960.479 744.172 734.973 1022.54 82.0842 330.454 809.264 711.281 681.595 588.437 304.056 552.547 499.786 
840.404 1018.57 993.485 340.053 1084.29 742.685 174.893 0 882.961 795.847 337.129 784.226 865.315 1409.2 942.247 171.09 1181.38 1358.62 966.479 473.304 1314.13 1341.57 1543.03 1058.12 1158.06 796.052 758.781 975.131 11.5183 651.623 707.028 958.929 370.959 606.86 525.574 1514.98 639.099 872.314 741.717 1151.71 1291.97 938.563 1071.63 1218.44 841.611 1404.62 896.549 980.635 224.683 909.936 1110.93 190.22 905.951 475.747 1479.88 1010.15 1118.82 1366.2 1406 806.959 914.082 546.509 190.374 460.545 451.559 637.244 1338.99 856.101 1320.25 1274.43 1502.9 1115.58 776.89 355.756 609.995 974.092 917.882 646.505 1178 923.584 1021.12 735.63 875.211 129.753 467.169 539.178 170.364 1135.37 789.122 779.922 1197.43 256.977 505.347 854.214 666.331 856.489 723.504 478.949 727.44 544.736 
70.0617 290.836 1016.77 577.139 410.839 1158.45 708.068 882.961 0 1265.4 545.832 219.292 804.842 647.559 1411.8 711.872 638.888 840.603 1436.04 509.979 431.167 458.61 750.122 1194.51 275.102 236.887 124.18 176.13 881.676 1121.18 175.933 142 667.318 686.984 357.387 632.023 344.238 908.33 141.244 350.778 409.01 96.4391 550.139 449.85 898.033 521.657 426.993 815.502 658.278 849.973 692.018 749.412 436.395 636.912 596.923 1304.52 1081.65 856.464 827.561 146.262 1383.64 1016.06 764.247 703.264 840.348 854.901 456.03 74.9172 589.078 1020.49 619.937 518.902 232.26 527.205 272.966 1291.71 608.683 236.456 645.637 1120.55 797.349 524.646 7.74962 815.2 817.688 858.116 712.597 817.265 1258.68 1249.48 320.927 625.984 377.614 1323.77 328.838 26.4725 159.457 404.012 623.683 1014.29 
1195.34 974.567 248.632 1135.9 854.564 106.949 750.897 795.847 1265.4 0 1081.63 1046.11 460.561 649.362 146.4 890.899 626.515 598.784 170.632 1269.15 909.141 971.113 783.199 298.284 1072.69 1028.52 1230.57 1441.53 807.366 293.212 1379.26 1407.4 598.085 578.419 1090.4 808.88 921.165 357.073 1244.45 914.625 1196.36 1168.96 715.264 815.553 367.37 881.091 1692.4 449.901 818.193 415.43 573.385 626.284 1701.8 628.491 1088.16 250.32 358.984 606.364 646.168 1119.14 118.235 419.993 986.222 562.139 425.055 410.502 899.374 1190.49 676.325 514.597 1059.59 746.501 1033.14 839.851 1077.43 214.259 656.72 1230.85 619.766 163.751 468.054 740.757 1268.98 692.072 447.715 407.287 814.302 448.138 79.7177 86.0992 944.477 740.842 910.143 64.331 1462.18 1272.23 1339.33 995.155 641.721 422.07 
503.275 681.44 832.999 54.2693 747.163 974.682 330.734 337.129 545.832 1081.63 0 447.097 621.07 1072.07 1228.03 190.732 844.249 1021.49 1252.26 187.52 976.999 1004.44 1205.9 1010.74 820.935 458.923 421.652 638.002 335.844 937.407 369.899 621.8 483.546 503.212 188.446 1177.85 301.97 724.558 404.588 814.585 954.842 601.434 734.505 881.308 714.261 1067.49 610.765 643.506 263.438 666.201 773.798 476.004 620.167 453.14 1142.76 1120.75 897.879 1029.07 1068.87 469.83 1199.87 832.293 218.414 519.492 656.576 671.129 1001.86 518.972 983.118 937.301 1165.77 778.446 439.761 241.78 272.867 1107.94 580.753 309.377 840.867 936.78 683.993 398.502 538.083 415.537 633.916 674.344 267.329 798.243 1074.91 1065.71 860.304 340.789 171.488 1140 380.547 519.36 386.375 141.82 439.91 830.519 
149.23 234.343 797.479 478.404 300.066 939.163 609.333 784.226 219.292 1046.11 447.097 0 585.55 624.969 1192.51 613.136 419.596 621.311 1216.74 411.244 529.902 557.346 758.806 975.218 373.838 17.5954 184.459 395.422 782.941 901.887 333.148 361.291 448.027 467.693 258.652 730.758 145.127 689.038 198.337 367.488 507.745 154.337 330.847 434.211 678.741 620.392 646.285 596.21 559.543 630.682 472.726 650.677 655.686 417.621 695.658 1085.23 862.36 637.172 621.775 73.0296 1164.35 796.773 665.511 483.973 621.056 635.61 554.766 144.374 536.021 801.198 718.672 331.349 12.9689 428.47 174.23 1072.42 389.392 184.739 426.346 901.26 578.058 305.355 222.867 716.465 598.397 638.824 613.862 597.974 1039.39 1030.19 413.207 527.248 278.879 1104.48 416.067 226.114 293.222 305.277 404.391 795 
734.78 514.006 211.929 675.339 394.002 353.613 690.421 865.315 804.842 460.561 621.07 585.55 0 543.881 606.961 694.225 316.064 493.302 631.193 808.59 448.813 510.552 677.717 389.668 612.133 567.955 770.009 980.972 864.03 398.694 918.699 946.842 494.356 258.455 629.838 649.669 460.603 103.488 783.887 454.063 735.794 708.403 254.703 354.992 93.1909 539.304 1231.84 115.32 640.632 45.1315 245.612 731.765 1241.24 389.568 627.601 499.676 276.809 500.882 540.686 658.58 578.796 525.475 746.6 404.77 413.756 228.071 473.677 729.925 454.932 409.115 637.584 285.94 572.581 509.559 616.867 486.869 196.159 770.29 312.682 315.71 155.807 280.196 808.417 797.554 398.146 326.136 694.951 270.058 453.836 444.636 483.915 608.337 449.582 518.928 1001.62 811.664 878.773 534.594 181.159 527.551 
577.498 390.626 415.71 1103.37 324.903 666.511 1234.3 1409.2 647.559 649.362 1072.07 624.969 543.881 0 764.243 1238.11 227.817 193.043 788.476 1036.21 291.297 353.269 133.837 546.95 454.851 613.143 650.415 823.69 1407.91 942.575 761.416 789.559 1038.24 802.336 883.621 191.036 770.096 536.882 667.478 296.781 578.512 551.12 337.562 197.709 567.585 263.247 1074.55 428.561 1184.51 499.259 298.269 1275.65 1083.95 933.449 470.319 656.959 434.092 208.905 180.002 602.236 736.078 1069.36 1290.48 948.65 957.636 771.951 281.53 572.642 88.9489 372.93 441.744 293.62 632.306 1053.44 799.2 644.151 491.313 762.69 231.199 485.611 388.073 673.565 651.135 1341.43 942.026 870.017 1238.83 273.823 729.08 735.462 326.633 1152.22 903.848 713.693 855.072 654.382 721.49 930.246 681.755 1071.43 
1341.74 1120.97 395.032 1282.3 1000.96 253.348 897.297 942.247 1411.8 146.4 1228.03 1192.51 606.961 764.243 0 1037.3 772.915 571.792 28.7534 1415.55 1055.54 1117.51 756.207 271.292 1219.09 1174.92 1376.97 1587.93 953.765 320.204 1525.66 1553.8 744.485 724.818 1236.8 955.28 1067.56 503.473 1390.85 1061.02 1342.76 1315.36 861.664 961.953 513.77 1027.49 1838.8 596.301 964.593 561.83 719.785 752.027 1848.2 774.891 1234.56 223.328 331.992 579.372 619.176 1265.54 28.165 446.985 1132.62 708.539 571.455 556.902 1045.77 1336.89 822.725 487.605 1205.99 892.901 1179.54 986.251 1223.83 187.267 803.12 1377.25 766.166 291.251 614.453 887.157 1415.38 812.494 594.115 553.687 960.702 594.538 153.125 162.325 1090.88 887.242 1056.54 91.3229 1608.58 1418.63 1485.73 1141.55 788.12 449.062 
669.314 847.479 822.396 245.001 913.203 783.95 140.002 171.09 711.872 890.899 190.732 613.136 694.225 1238.11 1037.3 0 1010.29 1187.53 1061.53 378.252 1143.04 1170.48 1371.94 887.028 986.974 624.962 587.691 804.042 169.805 746.674 535.938 787.839 292.814 435.77 354.485 1343.89 468.009 701.224 570.627 980.625 1120.88 767.473 900.544 1047.35 670.521 1233.53 801.498 809.545 72.7061 738.847 939.837 285.272 810.899 304.657 1308.79 930.014 947.727 1195.11 1234.91 635.87 1009.13 641.561 95.3228 328.76 465.844 480.397 1167.9 685.011 1149.16 1103.34 1331.81 944.486 605.8 184.666 438.906 917.206 746.793 475.416 1006.91 752.494 850.032 564.541 704.122 224.804 443.184 483.612 76.597 964.283 884.174 874.974 1026.34 150.056 334.258 949.265 571.28 685.399 552.414 307.859 556.351 639.787 
568.826 348.052 377.883 875.557 228.048 519.567 1006.49 1181.38 638.888 626.515 844.249 419.596 316.064 227.817 772.915 1010.29 0 201.715 797.148 808.396 282.625 344.597 361.654 555.622 446.179 402.001 604.055 815.018 1180.09 714.758 752.745 780.888 810.42 574.519 655.804 333.606 542.279 309.065 617.933 288.109 569.84 542.449 109.745 189.038 339.768 254.576 1065.88 200.744 956.696 271.442 70.4518 1047.83 1075.28 705.632 461.647 665.631 442.764 217.576 224.622 492.626 744.75 841.538 1062.66 720.833 729.819 544.134 272.858 563.97 138.868 381.602 433.072 119.986 406.627 825.623 571.383 652.823 263.496 604.335 6.7497 481.664 160.256 445.748 642.463 1113.62 714.209 642.2 1011.01 178.378 619.79 610.591 317.961 924.401 676.031 684.882 835.663 645.71 712.819 702.429 453.938 843.615 
770.541 549.767 365.131 1052.8 429.764 615.932 1183.72 1358.62 840.603 598.784 1021.49 621.311 493.302 193.043 571.792 1187.53 201.715 0 600.545 985.635 484.34 546.313 184.415 353.907 647.894 603.716 805.77 1016.73 1357.33 891.996 954.46 982.603 987.658 751.757 833.043 384.08 719.518 486.303 819.648 489.824 771.555 744.164 290.464 390.753 517.006 456.291 1267.6 377.982 1133.93 448.681 247.69 1225.07 1277 882.87 663.362 463.915 241.048 15.861 47.3838 694.341 545.336 1018.78 1239.9 898.072 907.058 721.373 474.573 765.686 251.525 179.887 634.788 321.701 608.342 1002.86 748.621 451.108 440.735 806.051 194.966 435.033 337.495 622.986 844.178 1290.86 891.448 819.439 1188.25 223.245 678.502 684.883 519.676 1101.64 853.27 663.115 1037.38 847.425 914.534 879.668 631.176 1020.85 
1365.97 1145.2 419.264 1306.53 1025.2 277.581 921.529 966.479 1436.04 170.632 1252.26 1216.74 631.193 788.476 28.7534 1061.53 797.148 600.545 0 1439.78 1079.77 1141.75 784.961 300.046 1243.33 1199.15 1401.2 1612.17 977.998 314.857 1549.89 1578.04 768.717 749.051 1261.03 979.512 1091.8 527.705 1415.08 1085.26 1366.99 1339.6 885.896 986.185 538.003 1051.72 1863.03 620.534 988.825 586.062 744.017 776.26 1872.43 799.123 1258.79 252.082 360.745 608.125 647.929 1289.77 55.2097 419.97 1156.85 732.771 595.687 581.134 1070.01 1361.12 846.958 516.358 1230.22 917.134 1203.77 1010.48 1248.06 216.02 827.352 1401.48 790.398 315.484 638.686 911.389 1439.61 836.727 618.347 577.92 984.934 618.77 177.357 186.557 1115.11 911.475 1080.78 112.266 1632.81 1442.86 1509.97 1165.79 812.353 421.744 
467.422 645.587 1020.52 133.251 711.31 1162.2 518.254 473.304 509.979 1269.15 187.52 411.244 808.59 1036.21 1415.55 378.252 808.396 985.635 1439.78 0 941.146 968.589 1170.05 1198.26 785.081 423.07 385.798 602.149 461.785 1124.93 334.045 585.946 671.066 690.732 178.752 1142 347.986 912.078 368.735 778.732 918.989 565.581 698.651 845.455 901.781 1031.64 493.375 819.25 450.958 853.721 737.944 663.524 452.083 640.66 1106.9 1308.27 1085.4 993.214 1033.02 433.977 1387.39 1019.81 282.929 707.012 844.096 858.649 966.009 483.119 947.264 1024.24 1129.92 742.593 403.907 429.3 237.013 1295.46 612.431 273.523 805.014 1124.3 801.097 528.394 502.229 603.056 821.436 861.864 454.849 821.013 1262.43 1253.23 824.451 528.308 359.007 1327.52 193.028 483.506 350.522 273.996 627.43 1018.04 
473.724 295.559 660.508 1008.31 229.836 802.192 1139.23 1314.13 431.167 909.141 976.999 529.902 448.813 291.297 1055.54 1143.04 282.625 484.34 1079.77 941.146 0 61.9723 393.86 838.247 163.554 518.076 555.347 532.393 1312.84 847.508 607.1 498.262 943.169 707.268 788.554 200.856 675.029 552.067 572.411 162.414 287.215 375.565 242.494 95.691 541.77 90.4903 783.256 459.239 1089.45 493.711 335.755 1180.58 792.657 838.381 179.022 948.256 725.389 500.201 471.299 507.169 1027.38 974.288 1195.41 853.583 862.569 676.884 24.8636 458.027 232.815 664.227 188.77 198.553 537.238 958.372 704.133 935.448 396.246 667.623 289.375 764.289 441.087 578.498 438.917 1246.37 846.959 774.95 1143.76 461.003 902.416 893.216 116.695 1057.15 808.781 967.507 760.005 457.639 590.624 835.179 586.687 976.365 
501.168 323.003 722.481 1035.75 257.279 864.164 1166.68 1341.57 458.61 971.113 1004.44 557.346 510.552 353.269 1117.51 1170.48 344.597 546.313 1141.75 968.589 61.9723 0 455.832 900.22 183.508 545.52 582.791 470.421 1340.29 874.951 634.544 436.29 970.613 734.712 815.997 173.412 702.473 614.04 599.855 189.857 225.242 403.009 269.938 155.56 603.743 90.0219 721.284 521.212 1116.89 555.683 397.728 1208.02 730.685 865.825 138.312 1010.23 787.361 562.174 533.271 534.612 1089.35 1001.73 1222.86 881.027 890.013 704.327 71.7392 485.471 294.787 726.199 161.327 225.996 564.682 985.816 731.576 997.42 423.689 695.066 351.347 826.261 503.059 605.941 466.36 1273.81 874.403 802.393 1171.21 522.975 964.388 955.188 144.139 1084.59 836.224 1029.48 787.448 485.083 618.068 862.623 614.131 1003.81 
702.628 524.463 549.547 1237.21 458.74 800.347 1368.14 1543.03 750.122 783.199 1205.9 758.806 677.717 133.837 756.207 1371.94 361.654 184.415 784.961 1170.05 393.86 455.832 0 484.915 557.414 746.98 784.251 926.253 1541.75 1076.41 863.979 892.122 1172.07 936.172 1017.46 293.599 903.933 670.718 801.315 399.344 681.075 653.683 471.398 324.595 701.421 365.81 1177.12 562.397 1318.35 633.096 432.106 1409.48 1186.52 1067.29 572.882 554.396 424.215 176.835 137.031 736.073 729.751 1203.19 1424.32 1082.49 1091.47 905.788 384.093 686.931 222.786 270.367 544.307 427.457 766.142 1187.28 933.037 568.94 625.15 896.527 365.036 619.448 521.91 807.402 753.698 1475.27 1075.86 1003.85 1372.67 407.66 862.917 869.298 429.196 1286.05 1037.68 847.53 988.909 756.945 824.053 1064.08 815.591 1205.27 
1124.45 903.674 177.739 1065.01 783.67 315.433 883.224 1058.12 1194.51 298.284 1010.74 975.218 389.668 546.95 271.292 887.028 555.622 353.907 300.046 1198.26 838.247 900.22 484.915 0 1001.8 957.623 1159.68 1370.64 1056.83 591.497 1308.37 1336.51 687.159 507.525 1019.51 737.987 850.271 286.18 1173.56 843.731 1125.46 1098.07 644.371 744.66 296.477 810.198 1621.5 379.008 833.435 344.537 502.492 924.568 1630.9 582.371 1017.27 110.008 112.859 338.046 366.949 1048.25 244.836 718.277 939.403 597.572 606.558 420.873 828.48 1119.59 605.432 216.313 988.694 675.608 962.249 768.958 1006.54 97.2008 585.827 1159.96 548.873 134.533 397.16 669.864 1198.09 990.357 590.948 518.939 887.753 377.245 378.002 384.383 873.583 801.14 839.25 362.615 1391.29 1201.33 1268.44 924.262 570.827 720.354 
317.659 139.495 824.062 852.242 218.131 965.746 983.17 1158.06 275.102 1072.69 820.935 373.838 612.133 454.851 1219.09 986.974 446.179 647.894 1243.33 785.081 163.554 183.508 557.414 1001.8 0 362.012 399.283 368.839 1156.78 928.47 451.036 334.709 787.105 551.204 632.489 356.92 518.965 715.621 416.346 158.07 133.907 219.5 357.43 257.141 705.324 246.555 619.702 622.793 933.381 657.265 499.309 1024.51 629.103 682.317 321.82 1111.81 888.943 663.755 634.853 351.104 1190.93 823.356 1039.35 697.519 706.505 662.193 180.928 301.963 396.369 827.781 344.835 326.193 381.174 802.308 548.068 1099 415.975 511.558 452.929 927.843 604.641 422.433 282.852 1090.3 690.895 665.407 987.7 624.557 1065.97 1056.77 128.218 901.086 652.716 1131.06 603.94 301.575 434.56 679.115 430.974 821.583 
166.825 222.517 779.884 490.23 288.24 921.568 621.159 796.052 236.887 1028.52 458.923 17.5954 567.955 613.143 1174.92 624.962 402.001 603.716 1199.15 423.07 518.076 545.52 746.98 957.623 362.012 0 202.054 413.017 794.767 884.292 350.744 378.887 430.431 450.097 270.477 718.932 156.953 671.443 215.932 355.662 495.919 142.511 313.252 422.385 661.146 608.566 663.88 578.615 571.369 613.086 455.131 662.502 673.282 400.025 683.832 1067.63 844.764 619.577 609.949 90.625 1146.75 779.178 677.337 466.377 603.461 618.014 542.94 161.97 524.195 783.603 706.846 319.523 19.1622 440.296 186.056 1054.82 371.796 202.335 408.75 883.665 560.462 287.759 240.462 728.291 580.801 621.229 625.688 580.378 1021.79 1012.59 401.381 539.074 290.705 1086.88 433.662 243.709 310.818 317.103 386.796 777.405 
81.6235 259.788 981.938 452.959 376.007 1123.62 583.887 758.781 124.18 1230.57 421.652 184.459 770.009 650.415 1376.97 587.691 604.055 805.77 1401.2 385.798 555.347 582.791 784.251 1159.68 399.283 202.054 0 216.351 757.496 1086.35 148.69 200.148 632.486 652.152 233.206 756.203 309.406 873.497 17.0636 392.934 533.19 179.782 515.306 459.656 863.2 645.838 461.826 780.669 534.098 815.141 657.185 625.231 471.227 602.08 721.103 1269.69 1046.82 821.631 792.729 111.429 1348.81 981.232 640.066 668.432 805.515 820.069 580.211 97.3202 561.466 985.657 744.118 484.069 197.428 403.025 153.142 1256.88 573.851 112.275 610.805 1085.72 762.517 489.814 116.431 691.02 782.856 823.283 588.417 782.433 1223.85 1214.65 438.652 501.803 320.427 1288.94 231.608 97.708 108.764 279.832 588.85 979.459 
246.192 466.966 1192.9 669.309 586.97 1334.58 800.238 975.131 176.13 1441.53 638.002 395.422 980.972 823.69 1587.93 804.042 815.018 1016.73 1612.17 602.149 532.393 470.421 926.253 1370.64 368.839 413.017 216.351 0 973.846 1297.31 268.103 34.1306 843.449 863.115 449.557 632.654 520.369 1084.46 233.414 526.909 316.84 272.57 726.269 625.981 1074.16 560.443 250.863 991.632 750.449 1026.1 868.148 841.582 260.264 813.043 504.753 1480.65 1257.78 1032.59 1003.69 322.392 1559.77 1192.2 856.417 879.395 1016.48 1031.03 542.16 251.048 765.208 1196.62 527.767 695.032 408.391 619.375 365.136 1467.84 784.814 328.626 821.768 1296.68 973.48 700.777 172.555 907.37 993.819 1034.25 804.767 993.396 1434.81 1425.61 497.057 718.154 531.39 1499.9 421.008 169.308 251.627 496.182 799.813 1190.42 
839.119 1017.28 992.201 328.535 1083.01 741.4 173.608 11.5183 881.676 807.366 335.844 782.941 864.03 1407.91 953.765 169.805 1180.09 1357.33 977.998 461.785 1312.84 1340.29 1541.75 1056.83 1156.78 794.767 757.496 973.846 0 663.141 705.743 957.644 369.674 605.575 524.29 1513.7 637.814 871.029 740.432 1150.43 1290.69 937.278 1070.35 1217.15 840.326 1403.33 885.031 979.35 223.398 908.652 1109.64 201.738 894.432 474.462 1478.6 1008.87 1117.53 1364.91 1404.72 805.674 925.6 558.027 178.856 459.26 450.274 635.959 1337.71 854.816 1318.96 1273.15 1501.61 1114.29 775.605 354.471 608.711 972.807 916.598 645.221 1176.71 922.299 1019.84 734.346 873.927 141.271 465.884 537.893 169.079 1134.09 800.641 791.441 1196.15 255.693 504.062 865.732 654.813 855.204 722.219 477.664 726.156 556.254 
1051.12 830.343 526.865 991.676 710.339 276.064 606.673 651.623 1121.18 293.212 937.407 901.887 398.694 942.575 320.204 746.674 714.758 891.996 314.857 1124.93 847.508 874.951 1076.41 591.497 928.47 884.292 1086.35 1297.31 663.141 0 1235.04 1263.18 453.86 434.194 946.175 1048.36 776.94 405.693 1100.22 770.4 1052.13 1024.74 605.013 751.817 374.99 937.998 1548.17 514.014 673.968 443.316 644.306 461.403 1557.57 484.266 1013.26 543.533 652.196 899.576 939.38 974.917 346.661 126.781 841.997 417.914 280.831 266.277 872.371 1046.26 853.626 807.809 1036.28 648.955 888.918 695.627 933.204 507.471 512.495 1086.63 711.376 456.963 554.501 596.532 1124.75 521.87 303.49 263.063 670.077 668.752 213.495 207.113 800.252 596.618 765.919 228.881 1317.95 1128 1195.11 850.931 497.496 128.857 
183.919 404.693 1130.63 401.206 524.696 1272.31 628.363 707.028 175.933 1379.26 369.899 333.148 918.699 761.416 1525.66 535.938 752.745 954.46 1549.89 334.045 607.1 634.544 863.979 1308.37 451.036 350.744 148.69 268.103 705.743 1235.04 0 251.901 781.175 800.841 288.861 807.956 458.095 1022.19 134.812 464.635 584.943 231.535 663.996 563.707 1011.89 697.591 313.137 929.359 561.067 963.83 805.875 773.633 322.538 750.769 772.856 1418.38 1195.51 970.321 941.418 260.119 1497.49 1129.92 588.313 817.121 954.205 968.758 631.964 188.774 702.935 1134.35 795.871 632.759 346.117 539.409 301.832 1405.57 722.54 148.409 759.494 1234.41 911.206 638.503 168.184 713.165 931.545 971.973 564.958 931.122 1372.53 1363.34 490.405 638.418 469.117 1437.63 152.904 149.461 39.926 384.105 737.539 1128.15 
212.062 432.836 1158.77 653.107 552.839 1300.45 784.035 958.929 142 1407.4 621.8 361.291 946.842 789.559 1553.8 787.839 780.888 982.603 1578.04 585.946 498.262 436.29 892.122 1336.51 334.709 378.887 200.148 34.1306 957.644 1263.18 251.901 0 809.318 828.984 433.354 598.523 486.238 1050.33 217.212 492.778 333.042 238.439 692.139 591.85 1040.03 526.312 284.994 957.502 734.246 991.973 834.018 825.379 294.395 778.912 520.955 1446.52 1223.65 998.464 969.561 288.262 1525.64 1158.06 840.214 845.264 982.348 996.901 508.029 216.917 731.078 1162.49 543.97 660.902 374.26 603.173 348.933 1433.71 750.683 312.423 787.637 1262.55 939.349 666.646 138.425 891.168 959.688 1000.12 788.565 959.265 1400.68 1391.48 462.926 701.951 497.26 1465.77 404.805 135.177 235.425 479.98 765.682 1156.29 
597.256 647.61 622.527 537.815 713.334 491.136 196.065 370.959 667.318 598.085 483.546 448.027 494.356 1038.24 744.485 292.814 810.42 987.658 768.717 671.066 943.169 970.613 1172.07 687.159 787.105 430.431 632.486 843.449 369.674 453.86 781.175 809.318 0 235.901 492.314 1144.03 323.08 501.355 646.364 780.756 921.012 570.879 700.675 847.478 470.652 1033.66 1094.31 609.676 220.108 538.978 739.968 237.409 1103.71 104.788 1108.93 639.195 747.858 995.238 1035.04 521.056 716.32 348.747 388.137 89.5864 173.03 266.285 968.033 592.401 949.288 903.471 1131.94 744.617 435.058 241.766 479.343 624.392 546.924 632.766 807.038 552.625 650.163 364.672 670.893 303.198 150.37 190.798 216.217 764.414 591.36 582.16 826.474 142.758 312.059 656.451 864.094 674.141 741.249 397.07 356.482 346.973 
616.923 411.709 386.626 557.482 477.432 471.47 431.967 606.86 686.984 578.419 503.212 467.693 258.455 802.336 724.818 435.77 574.519 751.757 749.051 690.732 707.268 734.712 936.172 507.525 551.204 450.097 652.152 863.115 605.575 434.194 800.841 828.984 235.901 0 511.981 908.124 342.746 265.454 666.03 544.854 685.111 590.545 464.774 611.577 234.751 797.759 1113.98 373.775 382.177 303.077 504.067 473.31 1123.38 131.113 873.024 617.534 511.957 759.337 799.141 540.722 696.653 329.081 488.145 146.315 155.301 167.917 732.132 612.067 713.387 667.57 896.039 508.715 454.724 261.432 499.01 604.726 311.023 652.432 571.136 433.567 414.262 162.338 690.56 539.099 139.691 171.131 436.496 528.512 571.694 562.494 590.573 349.882 331.725 636.785 883.76 693.807 760.915 416.736 120.581 327.307 
314.83 492.995 841.767 219.753 558.718 983.451 350.681 525.574 357.387 1090.4 188.446 258.652 629.838 883.621 1236.8 354.485 655.804 833.043 1261.03 178.752 788.554 815.997 1017.46 1019.51 632.489 270.477 233.206 449.557 524.29 946.175 288.861 433.354 492.314 511.981 0 989.409 169.235 733.326 216.143 626.14 766.397 412.989 546.059 692.863 723.029 879.044 601.997 640.498 300.892 674.969 585.352 484.772 611.399 461.908 954.31 1129.51 906.647 840.622 880.426 281.385 1208.63 841.061 406.86 528.26 665.344 679.897 813.417 330.527 794.672 845.486 977.324 590.001 251.315 250.548 84.4212 1116.71 433.679 140.452 652.422 945.548 622.346 349.642 349.637 457.814 642.684 683.112 355.211 642.261 1083.67 1074.47 671.859 349.557 180.256 1148.77 371.779 330.914 248.935 95.244 448.679 839.288 
674.58 496.415 560.248 1209.16 430.692 772.299 1340.09 1514.98 632.023 808.88 1177.85 730.758 649.669 191.036 955.28 1343.89 333.606 384.08 979.512 1142 200.856 173.412 293.599 737.987 356.92 718.932 756.203 632.654 1513.7 1048.36 807.956 598.523 1144.03 908.124 989.409 0 875.885 642.67 773.267 363.27 387.475 576.421 443.35 296.547 673.373 110.366 883.517 534.349 1290.3 605.047 404.057 1381.43 892.918 1039.24 279.283 847.995 625.128 399.941 371.038 708.025 927.115 1175.14 1396.27 1054.44 1063.42 877.74 175.992 658.883 194.737 563.966 250.708 399.409 738.094 1159.23 904.988 835.187 597.101 868.478 336.988 664.028 493.862 779.353 639.772 1447.22 1047.81 975.806 1344.62 379.612 834.869 841.25 317.551 1258.01 1009.64 867.246 960.86 658.495 791.48 1036.03 787.543 1177.22 
274.177 379.47 672.532 333.277 445.193 814.216 464.206 639.099 344.238 921.165 301.97 145.127 460.603 770.096 1067.56 468.009 542.279 719.518 1091.8 347.986 675.029 702.473 903.933 850.271 518.965 156.953 309.406 520.369 637.814 776.94 458.095 486.238 323.08 342.746 169.235 875.885 0 564.091 323.284 512.615 652.872 299.464 432.535 579.338 553.794 765.519 771.232 471.263 414.416 505.735 471.827 505.55 780.633 292.674 840.785 960.28 737.413 727.098 766.902 197.976 1039.4 671.827 520.385 359.026 496.11 510.663 699.893 269.321 681.147 676.251 863.799 476.476 137.791 283.343 156.264 947.472 278.783 309.686 538.897 776.313 453.111 180.408 347.814 571.338 473.45 513.877 468.735 496.273 914.44 905.24 558.334 382.122 133.752 979.531 541.014 351.061 418.169 160.15 279.444 670.053 
838.268 617.494 121.172 778.827 497.491 250.125 697.42 872.314 908.33 357.073 724.558 689.038 103.488 536.882 503.473 701.224 309.065 486.303 527.705 912.078 552.067 614.04 670.718 286.18 715.621 671.443 873.497 1084.46 871.029 405.693 1022.19 1050.33 501.355 265.454 733.326 642.67 564.091 0 887.375 557.551 839.282 811.891 358.191 458.48 30.7029 532.305 1335.32 108.321 647.631 58.3565 238.613 738.764 1344.72 396.567 731.089 396.188 246.503 493.883 533.687 762.068 475.308 532.474 753.599 411.769 420.755 235.069 542.3 833.413 447.933 402.116 702.515 389.428 676.069 516.558 720.355 383.381 299.647 873.778 305.683 212.222 148.808 383.684 911.905 804.553 405.145 333.135 701.95 263.059 350.348 341.148 587.403 615.336 553.07 415.44 1105.11 915.152 982.261 638.082 284.647 534.55 
98.687 276.852 995.816 435.895 389.885 1137.5 566.824 741.717 141.244 1244.45 404.588 198.337 783.887 667.478 1390.85 570.627 617.933 819.648 1415.08 368.735 572.411 599.855 801.315 1173.56 416.346 215.932 17.0636 233.414 740.432 1100.22 134.812 217.212 646.364 666.03 216.143 773.267 323.284 887.375 0 409.997 550.254 196.846 529.184 476.72 877.078 662.901 447.948 794.547 517.034 829.019 671.063 638.821 457.349 615.958 738.167 1283.56 1060.7 835.509 806.606 125.307 1362.68 995.11 623.003 682.31 819.393 833.946 597.275 114.384 578.529 999.535 761.181 497.947 211.306 404.597 167.02 1270.76 587.729 95.2116 624.683 1099.6 776.395 503.692 133.494 673.956 796.734 837.161 571.353 796.311 1237.72 1228.52 455.716 503.606 334.305 1302.81 217.73 114.772 94.8856 262.768 602.728 993.337 
311.31 133.145 665.992 845.892 67.422 807.676 976.821 1151.71 350.778 914.625 814.585 367.488 454.063 296.781 1061.02 980.625 288.109 489.824 1085.26 778.732 162.414 189.857 399.344 843.731 158.07 355.662 392.934 526.909 1150.43 770.4 464.635 492.778 780.756 544.854 626.14 363.27 512.615 557.551 409.997 0 281.731 254.339 199.361 99.0717 547.254 252.904 777.772 464.723 927.032 499.195 341.239 1018.16 787.173 675.968 328.17 953.74 730.873 505.685 476.783 344.755 1032.86 811.874 1033 691.169 700.155 514.47 187.277 295.613 238.299 669.711 351.184 168.123 374.825 795.958 541.719 940.932 257.905 505.209 294.859 769.773 446.571 416.084 354.354 1083.95 684.545 612.536 981.35 466.487 907.9 898.7 45.7186 894.737 646.367 972.991 597.591 357.601 428.21 672.765 424.274 813.951 
451.567 273.402 947.723 986.149 341.792 1089.41 1117.08 1291.97 409.01 1196.36 954.842 507.745 735.794 578.512 1342.76 1120.88 569.84 771.555 1366.99 918.989 287.215 225.242 681.075 1125.46 133.907 495.919 533.19 316.84 1290.69 1052.13 584.943 333.042 921.012 685.111 766.397 387.475 652.872 839.282 550.254 281.731 0 353.408 481.091 380.802 828.985 315.264 496.041 746.454 1067.29 780.926 622.97 1158.42 505.443 816.224 187.913 1235.47 1012.6 787.416 758.513 485.012 1314.59 952.131 1173.26 831.426 840.412 785.853 296.982 435.87 520.03 951.442 210.927 449.854 515.081 936.215 681.976 1222.66 539.635 645.466 576.59 1051.5 728.302 556.341 416.76 1224.21 824.802 789.068 1121.61 748.218 1189.63 1180.43 251.879 1034.99 786.624 1254.72 737.848 435.482 568.467 813.022 564.531 954.208 
98.159 194.397 920.332 632.741 314.4 1062.02 763.67 938.563 96.4391 1168.96 601.434 154.337 708.403 551.12 1315.36 767.473 542.449 744.164 1339.6 565.581 375.565 403.009 653.683 1098.07 219.5 142.511 179.782 272.57 937.278 1024.74 231.535 238.439 570.879 590.545 412.989 576.421 299.464 811.891 196.846 254.339 353.408 0 453.7 353.411 801.594 466.055 523.433 719.063 713.88 753.534 595.579 805.014 532.834 540.473 541.321 1208.08 985.212 760.025 731.122 131.604 1287.2 919.626 819.849 606.825 743.909 758.462 400.429 82.4622 492.639 924.051 564.335 422.463 161.673 582.807 328.568 1195.27 512.244 292.058 549.198 1024.11 700.91 428.207 100.014 870.802 721.249 761.677 768.199 720.826 1162.24 1153.04 258.87 681.586 433.216 1227.33 384.44 103.262 215.059 459.614 527.243 917.852 
480.077 259.303 466.632 765.812 139.3 608.315 896.74 1071.63 550.139 715.264 734.505 330.847 254.703 337.562 861.664 900.544 109.745 290.464 885.896 698.651 242.494 269.938 471.398 644.371 357.43 313.252 515.306 726.269 1070.35 605.013 663.996 692.139 700.675 464.774 546.059 443.35 432.535 358.191 529.184 199.361 481.091 453.7 0 146.803 347.894 332.985 977.132 265.363 846.951 299.834 141.879 938.084 986.534 595.887 408.25 754.379 531.512 306.325 334.367 403.877 833.499 731.794 952.919 611.089 620.075 434.39 267.358 475.222 248.613 470.351 431.265 43.9415 317.879 715.878 461.638 741.572 153.751 515.587 106.363 570.413 247.21 336.003 553.714 1003.87 604.465 532.456 901.27 267.126 708.539 699.339 229.212 814.656 566.286 773.631 746.914 556.962 624.07 592.685 344.193 733.87 
379.788 199.868 566.921 912.615 134.145 708.604 1043.54 1218.44 449.85 815.553 881.308 434.211 354.992 197.709 961.953 1047.35 189.038 390.753 986.185 845.455 95.691 155.56 324.595 744.66 257.141 422.385 459.656 625.981 1217.15 751.817 563.707 591.85 847.478 611.577 692.863 296.547 579.338 458.48 476.72 99.0717 380.802 353.411 146.803 0 448.183 186.181 876.844 365.652 993.754 400.123 242.168 1084.89 886.245 742.69 272.61 854.668 631.801 406.614 377.711 411.478 933.788 878.597 1099.72 757.892 766.878 581.193 120.555 374.933 139.228 570.64 284.461 102.862 441.547 862.681 608.442 841.861 300.555 571.932 195.787 670.701 347.499 482.807 453.425 1150.68 751.268 679.259 1048.07 367.415 808.828 799.628 128.924 961.46 713.09 873.92 664.314 456.673 523.781 739.488 490.997 880.674 
827.971 607.197 151.875 768.53 487.193 260.422 666.718 841.611 898.033 367.37 714.261 678.741 93.1909 567.585 513.77 670.521 339.768 517.006 538.003 901.781 541.77 603.743 701.421 296.477 705.324 661.146 863.2 1074.16 840.326 374.99 1011.89 1040.03 470.652 234.751 723.029 673.373 553.794 30.7029 877.078 547.254 828.985 801.594 347.894 448.183 0 563.008 1325.03 139.024 616.928 68.3256 269.316 708.061 1334.43 365.864 720.792 406.486 277.206 524.586 564.39 751.771 485.605 501.771 722.896 381.066 390.052 204.367 532.003 823.116 478.636 432.819 692.217 379.131 665.772 485.855 710.058 393.678 289.35 863.481 336.386 222.519 179.511 373.386 901.608 773.85 374.442 302.433 671.247 293.761 360.645 351.446 577.106 584.633 542.773 425.737 1094.81 904.855 971.964 627.785 274.35 503.847 
564.214 386.049 632.459 1098.8 320.326 774.142 1229.73 1404.62 521.657 881.091 1067.49 620.392 539.304 263.247 1027.49 1233.53 254.576 456.291 1051.72 1031.64 90.4903 90.0219 365.81 810.198 246.555 608.566 645.838 560.443 1403.33 937.998 697.591 526.312 1033.66 797.759 879.044 110.366 765.519 532.305 662.901 252.904 315.264 466.055 332.985 186.181 563.008 0 811.306 431.19 1179.94 494.682 307.706 1271.07 820.707 928.872 207.072 920.206 697.339 472.152 443.249 597.659 999.326 1064.78 1285.9 944.073 953.059 767.374 65.6267 548.517 204.766 636.178 178.497 289.043 627.729 1048.86 794.623 907.399 486.736 758.113 261.325 736.24 413.037 668.988 529.407 1336.86 937.449 865.44 1234.25 432.953 874.366 865.166 207.185 1147.64 899.271 939.458 850.495 548.13 681.114 925.669 677.178 1066.85 
497.055 717.829 1443.76 560.536 837.833 1585.45 941.499 896.549 426.993 1692.4 610.765 646.285 1231.84 1074.55 1838.8 801.498 1065.88 1267.6 1863.03 493.375 783.256 721.284 1177.12 1621.5 619.702 663.88 461.826 250.863 885.031 1548.17 313.137 284.994 1094.31 1113.98 601.997 883.517 771.232 1335.32 447.948 777.772 496.041 523.433 977.132 876.844 1325.03 811.306 0 1242.5 874.204 1276.97 1119.01 1086.77 41.292 1063.91 613.526 1731.51 1508.64 1283.46 1254.55 573.255 1810.63 1443.06 747.643 1130.26 1267.34 1281.89 793.023 501.911 1016.07 1447.48 636.541 945.895 659.254 852.545 614.968 1718.7 1035.68 461.546 1072.63 1547.55 1224.34 951.64 423.418 1026.3 1244.68 1285.11 878.095 1244.26 1685.67 1676.47 747.92 951.554 782.253 1750.76 312.234 420.171 353.063 697.241 1050.68 1441.28 
745.44 524.666 201.269 685.999 404.662 342.953 805.741 980.635 815.502 449.901 643.506 596.21 115.32 428.561 596.301 809.545 200.744 377.982 620.534 819.25 459.239 521.212 562.397 379.008 622.793 578.615 780.669 991.632 979.35 514.014 929.359 957.502 609.676 373.775 640.498 534.349 471.263 108.321 794.547 464.723 746.454 719.063 265.363 365.652 139.024 431.19 1242.5 0 755.952 70.6982 130.292 847.085 1251.9 504.888 638.261 489.017 266.149 385.562 425.366 669.24 568.136 640.795 861.92 520.09 529.076 343.39 449.472 740.585 339.612 293.795 609.686 296.6 583.241 624.879 627.527 476.209 206.819 780.95 197.362 305.05 40.4874 290.855 819.077 912.874 513.466 441.456 810.271 154.738 443.176 433.977 494.575 723.657 475.287 508.268 1012.28 822.324 889.433 545.254 253.194 642.871 
615.721 793.886 768.803 317.708 859.61 711.244 67.2954 224.683 658.278 818.193 263.438 559.543 640.632 1184.51 964.593 72.7061 956.696 1133.93 988.825 450.958 1089.45 1116.89 1318.35 833.435 933.381 571.369 534.098 750.449 223.398 673.968 561.067 734.246 220.108 382.177 300.892 1290.3 414.416 647.631 517.034 927.032 1067.29 713.88 846.951 993.754 616.928 1179.94 874.204 755.952 0 685.254 886.244 212.565 883.605 251.064 1255.2 857.308 894.134 1141.51 1181.32 582.276 936.427 568.855 168.029 256.054 393.138 412.561 1114.31 631.418 1095.56 1049.75 1278.22 890.893 552.207 131.073 385.313 844.5 693.2 421.823 953.314 698.901 796.439 510.948 650.529 156.922 370.478 410.905 54.3188 910.69 811.468 802.268 972.75 77.3503 280.665 876.559 643.986 631.806 521.141 254.266 502.758 567.081 
779.912 559.137 166.797 720.471 439.134 308.481 735.043 909.936 849.973 415.43 666.201 630.682 45.1315 499.259 561.83 738.847 271.442 448.681 586.062 853.721 493.711 555.683 633.096 344.537 657.265 613.086 815.141 1026.1 908.652 443.316 963.83 991.973 538.978 303.077 674.969 605.047 505.735 58.3565 829.019 499.195 780.926 753.534 299.834 400.123 68.3256 494.682 1276.97 70.6982 685.254 0 200.99 776.387 1286.37 434.19 672.733 454.545 231.678 456.26 496.064 703.711 533.665 570.096 791.222 449.391 458.377 272.692 483.944 775.056 410.31 364.493 644.158 331.072 617.713 554.181 661.999 441.737 241.29 815.421 268.06 270.578 111.186 325.327 853.549 842.176 442.768 370.758 739.573 225.436 408.705 399.505 529.047 652.959 494.714 473.796 1046.75 856.796 923.904 579.725 226.291 572.173 
621.956 401.182 324.753 805.105 281.179 466.437 936.033 1110.93 692.018 573.385 773.798 472.726 245.612 298.269 719.785 939.837 70.4518 247.69 744.017 737.944 335.755 397.728 432.106 502.492 499.309 455.131 657.185 868.148 1109.64 644.306 805.875 834.018 739.968 504.067 585.352 404.057 471.827 238.613 671.063 341.239 622.97 595.579 141.879 242.168 269.316 307.706 1119.01 130.292 886.244 200.99 0 977.377 1128.41 635.18 514.777 612.5 389.633 255.27 295.074 545.756 691.62 771.086 992.212 650.381 659.368 473.682 325.988 617.101 209.32 328.472 486.203 173.116 459.757 755.171 504.043 599.693 193.044 657.466 67.0698 428.534 105.332 375.296 695.593 1043.17 643.758 571.748 940.563 125.247 566.66 557.46 371.091 853.949 605.579 631.752 888.793 698.84 765.949 631.977 383.486 773.163 
